K,Na,Cs,Li
100,0,0,0
0,100,0,0
0,0,100,0
0,0,0,100
100,0,0,0
75,25,0,0
50,50,0,0
25,75,0,0
100,0,0,0
75,0,0,25
50,0,0,50
25,0,0,75
0,100,0,0
0,75,0,25
0,50,0,50
0,25,0,75
0,100,0,0
0,75,25,0
0,50,50,0
0,25,75,0
100,0,0,0
75,0,25,0
50,0,50,0
25,0,75,0
0,0,100,0
0,0,75,25
0,0,50,50
0,0,25,75
